epsilon : 0.0001
Maksymalna liczba iteracji : 5

Macierz A:
10 3 3 100 4 
4 20 7 2 80 
150 5 40 10 11 
4 0 60 10 1 
6 4 5 70 20 

wektor B:
120
113
216
75
105

Macierz alfa:
0		-0.3		-0.3		-10		-0.4		
-0.2		0		-0.35		-0.1		-4		
-3.75		-0.125		0		-0.25		-0.275		
-0.4		-0		-6		0		-0.1		
-0.3		-0.2		-0.25		-3.5		0		

wektor beta:
12
5.65
5.4
7.5
5.25

przedostatni wektor : 	4.2681537891e+08		-7.7382508362e+08		-1.5388078542e+09		9.0448588939e+09		-3.1245583757e+10	
ostatni wektor : 	-7.7256565543e+10		1.4006774500e+11		2.7853497348e+11		-1.6371826563e+12		5.6556689742e+12	