epsilon : 0.0001
Maksymalna liczba iteracji : 30

Macierz A:
10 1 1 1 2 
3 20 4 2 1 
5 1 40 9 5 
3 0 1 10 1 
6 2 1 1 20 

wektor B:
15
30
60
15
30

Macierz alfa:
0		-0.1		-0.1		-0.1		-0.2		
-0.15		0		-0.2		-0.1		-0.05		
-0.125		-0.025		0		-0.225		-0.125		
-0.3		-0		-0.1		0		-0.1		
-0.3		-0.1		-0.05		-0.05		0		

wektor beta:
1.5
1.5
1.5
1.5
1.5

przedostatni wektor : 	1.0000000000e+00		1.0000000000e+00		1.0000000000e+00		1.0000000000e+00		1.0000000000e+00	
ostatni wektor : 	1.0000000000e+00		1.0000000000e+00		1.0000000000e+00		1.0000000000e+00		1.0000000000e+00	