epsilon : 0.0001
Maksymalna liczba iteracji : 30

Macierz A:
10 2 3 1 4 
3 20 7 2 8 
15 5 40 9 11 
3 0 6 10 1 
6 4 5 5 20 

wektor B:
20
40
80
20
40

Macierz alfa:
0		-0.2		-0.3		-0.1		-0.4		
-0.15		0		-0.35		-0.1		-0.4		
-0.375		-0.125		0		-0.225		-0.275		
-0.3		-0		-0.6		0		-0.1		
-0.3		-0.2		-0.25		-0.25		0		

wektor beta:
2
2
2
2
2

przedostatni wektor : 	1.0000000000e+00		1.0000000000e+00		1.0000000000e+00		1.0000000000e+00		1.0000000000e+00	
ostatni wektor : 	1.0000000000e+00		1.0000000000e+00		1.0000000000e+00		1.0000000000e+00		1.0000000000e+00	