epsilon : 0.0001
Maksymalna liczba iteracji : 30

Macierz A:
10 3 3 1 4 
4 20 7 2 8 
15 5 40 10 11 
4 0 6 10 1 
6 4 5 7 20 

wektor B:
21
41
81
21
42

Macierz alfa:
0		-0.3		-0.3		-0.1		-0.4		
-0.2		0		-0.35		-0.1		-0.4		
-0.375		-0.125		0		-0.25		-0.275		
-0.4		-0		-0.6		0		-0.1		
-0.3		-0.2		-0.25		-0.35		0		

wektor beta:
2.1
2.05
2.025
2.1
2.1

przedostatni wektor : 	1.0000000000e+00		1.0000000000e+00		1.0000000000e+00		1.0000000000e+00		1.0000000000e+00	
ostatni wektor : 	1.0000000000e+00		1.0000000000e+00		1.0000000000e+00		1.0000000000e+00		1.0000000000e+00	