epsilon : 1e-06
Maksymalna liczba iteracji : 30

Macierz A:
10 1 1 1 2 
3 20 4 2 1 
5 1 40 9 5 
3 0 1 10 1 
6 2 1 1 20 

wektor B:
15
30
60
15
30

Macierz alfa:
0		-0.1		-0.1		-0.1		-0.2		
-0.15		0		-0.2		-0.1		-0.05		
-0.125		-0.025		0		-0.225		-0.125		
-0.3		-0		-0.1		0		-0.1		
-0.3		-0.1		-0.05		-0.05		0		

wektor beta:
1.5
1.5
1.5
1.5
1.5

przedostatni wektor : 	9.9999982341e-01		9.9999984393e-01		1.0000001050e+00		1.0000000870e+00		1.0000000590e+00	
ostatni wektor : 	9.9999998461e-01		9.9999996966e-01		9.9999997573e-01		1.0000000011e+00		1.0000000088e+00	